1|232.5|2026-04-10|PREPAYMENT|1|1|1|1
2|713.0|2026-04-15|PREPAYMENT|2|2|2|2
3|456.0|2026-05-05|PREPAYMENT|3|3|0|0
4|412.0|2026-06-05|PREPAYMENT|1|4|0|0
5|595.5|2026-06-08|PREPAYMENT|5|5|0|0
6|264.0|2026-07-01|PREPAYMENT|6|7|0|0
7|300.0|2026-04-10|DEPOSIT|1|0|1|0
8|300.0|2026-04-15|DEPOSIT|2|0|2|0
9|300.0|2026-05-05|DEPOSIT|3|0|3|0
10|180.0|2026-04-13|REFUND|1|0|1|1
11|1000.0|2026-04-19|ADDITIONAL_CHARGE|2|0|2|2
12|309.0|2026-03-02|PREPAYMENT|7|8|4|3
13|300.0|2026-03-02|DEPOSIT|7|0|4|0
14|300.0|2026-03-05|REFUND|7|0|4|3
15|227.6|2026-03-08|PREPAYMENT|8|9|5|4
16|300.0|2026-03-08|DEPOSIT|8|0|5|0
17|880.0|2026-03-12|ADDITIONAL_CHARGE|8|0|5|4
18|770.0|2026-03-14|PREPAYMENT|9|10|6|5
19|300.0|2026-03-14|DEPOSIT|9|0|6|0
20|300.0|2026-03-18|REFUND|9|0|6|5
21|481.2|2026-03-20|PREPAYMENT|10|11|7|6
22|300.0|2026-03-20|DEPOSIT|10|0|7|0
23|310.0|2026-03-24|ADDITIONAL_CHARGE|10|0|7|6
24|136.0|2026-03-25|PREPAYMENT|11|12|8|7
25|300.0|2026-03-25|DEPOSIT|11|0|8|0
26|300.0|2026-03-27|REFUND|11|0|8|7
27|487.2|2026-04-01|PREPAYMENT|12|13|9|8
28|300.0|2026-04-01|DEPOSIT|12|0|9|0
29|130.0|2026-04-05|ADDITIONAL_CHARGE|12|0|9|8
30|524.25|2026-04-06|PREPAYMENT|5|14|10|9
31|300.0|2026-04-06|DEPOSIT|5|0|10|0
32|300.0|2026-04-09|REFUND|5|0|10|9
33|267.0|2026-04-20|PREPAYMENT|6|15|11|10
34|300.0|2026-04-20|DEPOSIT|6|0|11|0
35|1000.0|2026-04-23|ADDITIONAL_CHARGE|6|0|11|10
36|144.0|2026-05-05|PREPAYMENT|1032|16|12|11
37|300.0|2026-05-05|DEPOSIT|1032|0|12|0
38|296.0|2026-05-05|REFUND|1032|0|12|11
