1|1|101|2026-04-10|2026-04-13|COMPLETED|148.5|300.0|1|1|1,2
2|2|104|2026-04-15|2026-04-19|COMPLETED|558.0|300.0|2|2|3
3|3|102|2026-05-05|2026-05-09|CONFIRMED|306.0|300.0|3|3|5
4|1|106|2026-06-05|2026-06-09|PENDING|352.0|300.0|4|0|2
5|5|108|2026-06-08|2026-06-11|CONFIRMED|499.5|300.0|5|0|3,5
6|4|107|2026-04-03|2026-04-05|CANCELLED|0.0|0.0|0|0|
7|6|101|2026-07-01|2026-07-05|CONFIRMED|178.2|300.0|6|0|1
8|7|106|2026-03-02|2026-03-05|COMPLETED|279.0|300.0|12|4|2
9|8|107|2026-03-08|2026-03-12|COMPLETED|238.0|300.0|15|5|1
10|9|108|2026-03-14|2026-03-18|COMPLETED|724.0|300.0|18|6|3
11|10|109|2026-03-20|2026-03-24|COMPLETED|438.0|300.0|21|7|5
12|11|110|2026-03-25|2026-03-27|COMPLETED|136.0|300.0|24|8|
13|12|111|2026-04-01|2026-04-05|COMPLETED|421.2|300.0|27|9|3,6
14|5|112|2026-04-06|2026-04-09|COMPLETED|415.5|300.0|30|10|6
15|6|103|2026-04-20|2026-04-23|COMPLETED|281.7|300.0|33|11|7
